1 0.848633 0.793056 0.085547 0.283333
0 0.877344 0.940972 0.014063 0.020833
1 0.965820 0.521528 0.063672 0.201389
0 0.990820 0.586111 0.007422 0.015278
1 0.104492 0.664236 0.051172 0.200694
0 0.158398 0.659722 0.009766 0.015278
0 0.164844 0.784722 0.010156 0.022222
1 0.615430 0.095139 0.041016 0.130556
1 0.466211 0.137847 0.037109 0.113194
1 0.362109 0.140278 0.038281 0.100000
0 0.379688 0.192361 0.004687 0.008333
1 0.147656 0.143750 0.047656 0.081944
1 0.246484 0.269097 0.030469 0.145139
0 0.212695 0.220486 0.004297 0.009028
0 0.256055 0.348611 0.006641 0.009722
