1 0.936328 0.485069 0.081250 0.170139
0 0.759961 0.638889 0.007422 0.013889
0 0.889453 0.538889 0.007031 0.013889
0 0.894336 0.320486 0.006641 0.010417
0 0.968750 0.321528 0.005469 0.009722
0 0.888281 0.185069 0.004687 0.007639
1 0.947070 0.242014 0.044141 0.145139
1 0.899609 0.241667 0.031250 0.147222
1 0.525000 0.497222 0.117188 0.231944
1 0.156445 0.146528 0.039453 0.088889
1 0.200195 0.272569 0.041016 0.138194
0 0.192188 0.352431 0.005469 0.011806
0 0.304883 0.190972 0.004297 0.008333
0 0.346094 0.139583 0.004687 0.006944
0 0.406445 0.205903 0.004297 0.009028
1 0.369141 0.099653 0.039062 0.100694
1 0.402734 0.150694 0.027344 0.105556
