1 0.877930 0.860764 0.138672 0.278472
1 0.880664 0.414931 0.063672 0.184028
1 0.966016 0.402083 0.067969 0.201389
1 0.891992 0.263194 0.051172 0.148611
0 0.908789 0.591319 0.009766 0.014583
0 0.864062 0.307292 0.005469 0.010417
1 0.583008 0.283333 0.041797 0.120833
0 0.572070 0.349653 0.005859 0.010417
1 0.146484 0.154167 0.030469 0.065278
1 0.046289 0.577083 0.090234 0.191667
0 0.135742 0.626736 0.010547 0.014583
1 0.401562 0.151389 0.042188 0.105556
1 0.432617 0.095486 0.037109 0.127083
1 0.366211 0.070139 0.023828 0.100000
0 0.393359 0.210764 0.004687 0.009028
0 0.392188 0.142708 0.004687 0.007639
0 0.344727 0.125347 0.004297 0.007639
0 0.379883 0.116667 0.003516 0.008333
0 0.307227 0.191319 0.005078 0.007639
1 0.321289 0.071181 0.044922 0.097917
