0 0.795898 0.485069 0.006641 0.010417
0 0.888086 0.184722 0.005078 0.009722
1 0.845117 0.208681 0.036328 0.149306
1 0.772656 0.198264 0.032031 0.140972
1 0.446875 0.098611 0.030469 0.127778
1 0.365820 0.095486 0.024609 0.124306
1 0.420508 0.139583 0.033203 0.115278
0 0.436719 0.204861 0.005469 0.009722
0 0.392578 0.141667 0.004687 0.009722
0 0.382812 0.151736 0.005469 0.009028
0 0.193750 0.227431 0.005469 0.009028
0 0.266797 0.183681 0.005469 0.009028
1 0.181250 0.166319 0.042969 0.111806
1 0.216406 0.136111 0.028906 0.113889
