1 0.440430 0.827431 0.066797 0.297917
0 0.423438 0.883681 0.009375 0.018750
1 0.941016 0.293750 0.031250 0.144444
0 0.927734 0.371528 0.005469 0.009722
0 0.895312 0.344444 0.005469 0.009722
0 0.888281 0.185417 0.004687 0.006944
1 0.876172 0.284375 0.046094 0.161806
1 0.589063 0.098611 0.040625 0.127778
1 0.609375 0.172917 0.046094 0.125000
1 0.159180 0.203819 0.057422 0.153472
1 0.202734 0.184722 0.035937 0.131944
0 0.189258 0.293056 0.004297 0.008333
0 0.209375 0.235764 0.005469 0.009028
1 0.417383 0.084375 0.031641 0.104861
