0 0.888281 0.185069 0.005469 0.009028
1 0.863086 0.279514 0.038672 0.165972
1 0.914648 0.277778 0.041016 0.162500
0 0.844531 0.561458 0.010156 0.015972
1 0.712305 0.435764 0.068359 0.174306
1 0.622852 0.461806 0.061328 0.134722
0 0.654297 0.529167 0.006250 0.012500
1 0.121484 0.159722 0.025781 0.102778
1 0.299023 0.287153 0.055859 0.128472
0 0.336914 0.363542 0.006641 0.011806
1 0.439453 0.098958 0.025000 0.136806
1 0.397656 0.114583 0.021875 0.127778
1 0.311914 0.078125 0.036328 0.088194
0 0.296875 0.193056 0.004687 0.008333
0 0.323437 0.126389 0.004687 0.008333
1 0.234961 0.102778 0.043359 0.101389
0 0.248633 0.157986 0.004297 0.009028
