1 0.955078 0.581597 0.089844 0.220139
0 0.819922 0.527778 0.007812 0.012500
0 0.922461 0.616319 0.008203 0.013194
1 0.881836 0.242014 0.037109 0.161806
1 0.781250 0.237153 0.041406 0.152083
1 0.600195 0.668056 0.055078 0.261111
1 0.434570 0.094097 0.034766 0.128472
1 0.386719 0.103125 0.027344 0.125694
0 0.419727 0.162153 0.005078 0.009028
0 0.377930 0.162500 0.004297 0.008333
1 0.291797 0.195486 0.040625 0.124306
0 0.276562 0.262153 0.005469 0.010417
1 0.105469 0.172222 0.042969 0.104167
1 0.195898 0.156944 0.026953 0.102778
0 0.212500 0.191667 0.004687 0.008333
1 0.245312 0.103819 0.027344 0.111806
